1450 60 75 90 105 120 135
1500 89 90 91 116 125 146
1550 124 126 127 128 130 157
1600 159 161 163 164 166 168
1650 194 196 198 201 203 205
1700 229 232 234 237 239 242
1750 264 267 270 273 276 279
1800 299 302 306 309 312 316
1850 332 338 341 345 349 352
1900 340 373 377 381 385 389
1950 348 408 413 417 422 426
2000 356 443 448 452 457 462
2050 364 477 482 488 493 498
2100 372 511 517 523 528 534
2150 380 546 552 558 564 570
2200 388 580 586 593 599 606
2250 396 603 621 628 635 641
2300 404 615 656 663 670 677
2350 412 627 691 698 706 713
2400 420 639 725 733 741 749
2450 428 651 760 768 776 785
2500 436 663 795 803 812 821
2550 444 675 816 838 847 856
2600 451 688 831 873 883 892
2650 459 700 846 913 923 932
2700 467 712 860 953 963 972
2750 475 724 875 977 1003 1012
2800 483 736 890 994 1043 1052
2850 491 748 904 1010 1083 1092
2900 499 760 919 1027 1123 1132
2950 507 772 934 1043 1147 1172
3000 515 784 948 1059 1165 1212
3050 523 797 963 1076 1183 1252
3100 531 809 978 1092 1201 1292
3150 539 821 992 1108 1219 1325
3200 547 833 1007 1125 1237 1345
3250 555 845 1022 1141 1255 1364
3300 563 857 1036 1158 1273 1384
3350 571 869 1051 1174 1291 1404
3400 579 881 1066 1190 1309 1423
3450 587 894 1080 1207 1327 1443
3500 595 906 1095 1223 1345 1462
3550 603 918 1110 1239 1363 1482
3600 611 930 1124 1256 1381 1502
3650 619 942 1139 1272 1399 1521
3700 627 954 1154 1289 1417 1541
3750 635 966 1168 1305 1435 1560
3800 643 978 1183 1321 1453 1580
3850 651 991 1198 1338 1471 1599
3900 659 1003 1212 1354 1489 1619
3950 666 1014 1225 1368 1505 1636
4000 674 1024 1237 1382 1520 1652
4050 682 1035 1249 1395 1535 1668
4100 690 1045 1261 1409 1549 1684
4150 698 1056 1273 1422 1564 1700
4200 706 1066 1285 1435 1579 1716
4250 714 1077 1297 1449 1594 1732
4300 722 1087 1309 1462 1609 1748
4350 730 1098 1321 1476 1623 1765
4400 738 1108 1333 1489 1638 1781
4450 746 1119 1345 1503 1653 1797
4500 754 1129 1357 1516 1668 1813
4550 762 1140 1369 1529 1682 1829
4600 769 1151 1383 1544 1699 1847
4650 775 1161 1395 1558 1714 1863
4700 781 1171 1407 1571 1728 1879
4750 788 1182 1419 1585 1743 1895
4800 794 1192 1431 1598 1758 1911
4850 800 1202 1443 1612 1773 1927
4900 806 1212 1455 1625 1788 1943
4950 813 1222 1467 1639 1802 1959
5000 819 1233 1479 1652 1817 1975
5050 825 1243 1491 1665 1832 1991
5100 831 1253 1503 1679 1847 2008
5150 838 1263 1515 1692 1862 2024
5200 844 1273 1527 1706 1876 2040
5250 850 1284 1539 1719 1891 2056
5300 856 1293 1550 1732 1905 2070
5350 861 1300 1559 1742 1916 2082
5400 866 1308 1568 1752 1927 2094
5450 871 1316 1577 1762 1938 2106
5500 876 1323 1586 1772 1949 2118
5550 881 1331 1595 1782 1960 2131
5600 886 1338 1604 1792 1971 2143
5650 892 1346 1613 1802 1982 2155
5700 897 1354 1622 1812 1993 2167
5750 902 1361 1631 1822 2004 2179
5800 907 1369 1640 1832 2015 2191
5850 912 1376 1649 1842 2026 2203
5900 917 1384 1658 1852 2037 2215
5950 922 1392 1667 1862 2048 2227
6000 927 1399 1676 1872 2059 2239
6050 931 1405 1683 1879 2067 2247
6100 934 1409 1688 1885 2074 2254
6150 937 1414 1693 1891 2080 2261
6200 940 1418 1698 1897 2086 2268
6250 944 1423 1703 1902 2092 2274
6300 947 1427 1708 1908 2099 2281
6350 950 1432 1713 1914 2105 2288
6400 953 1436 1718 1919 2111 2295
6450 956 1441 1723 1925 2117 2302
6500 959 1445 1728 1931 2124 2309
6550 962 1450 1734 1936 2130 2315
6600 965 1454 1739 1942 2136 2322
6650 969 1459 1744 1948 2143 2329
6700 972 1463 1749 1953 2149 2336
6750 975 1468 1754 1959 2155 2343
6800 978 1471 1757 1962 2159 2346
6850 980 1474 1759 1965 2162 2350
6900 983 1477 1762 1968 2165 2353
6950 986 1481 1765 1971 2168 2357
7000 989 1484 1767 1974 2172 2360
7050 992 1487 1770 1977 2175 2364
7100 995 1490 1773 1980 2178 2368
7150 997 1494 1775 1983 2181 2371
7200 1000 1497 1778 1986 2185 2375
7250 1003 1500 1781 1989 2188 2378
7300 1006 1503 1783 1992 2191 2382
7350 1009 1507 1786 1995 2194 2385
7400 1011 1510 1788 1998 2198 2389
7450 1014 1513 1791 2001 2201 2392
7500 1017 1517 1795 2005 2206 2398
7550 1021 1524 1804 2015 2216 2409
7600 1025 1530 1813 2025 2227 2421
7650 1029 1537 1821 2035 2238 2433
7700 1033 1544 1830 2044 2249 2444
7750 1037 1550 1839 2054 2260 2456
7800 1041 1557 1848 2064 2270 2468
7850 1045 1563 1857 2074 2281 2480
7900 1049 1570 1865 2084 2292 2491
7950 1053 1577 1874 2093 2303 2503
8000 1057 1583 1883 2103 2314 2515
8050 1061 1590 1892 2113 2324 2527
8100 1065 1597 1900 2123 2335 2538
8150 1069 1603 1909 2133 2346 2550
8200 1073 1610 1918 2142 2357 2562
8250 1076 1615 1924 2149 2363 2569
8300 1078 1617 1926 2151 2366 2572
8350 1080 1620 1928 2154 2369 2575
8400 1083 1623 1930 2156 2372 2578
8450 1085 1626 1932 2159 2374 2581
8500 1088 1628 1935 2161 2377 2584
8550 1090 1631 1937 2164 2380 2587
8600 1092 1634 1939 2166 2383 2590
8650 1095 1636 1941 2168 2385 2593
8700 1097 1639 1943 2171 2388 2596
8750 1099 1642 1946 2173 2390 2598
8800 1102 1644 1948 2176 2393 2601
8850 1104 1647 1950 2178 2396 2604
8900 1106 1650 1952 2180 2398 2607
8950 1109 1652 1954 2183 2401 2610
9000 1111 1656 1957 2186 2405 2614
9050 1115 1660 1962 2191 2410 2620
9100 1118 1664 1966 2196 2416 2626
9150 1121 1668 1970 2201 2421 2632
9200 1124 1673 1975 2206 2426 2637
9250 1128 1677 1979 2210 2432 2643
9300 1131 1681 1983 2215 2437 2649
9350 1134 1685 1988 2220 2442 2655
9400 1137 1690 1992 2225 2447 2660
9450 1140 1694 1996 2230 2453 2666
9500 1144 1698 2000 2234 2458 2672
9550 1147 1702 2005 2239 2463 2677
9600 1150 1707 2009 2244 2468 2683
9650 1153 1711 2013 2249 2474 2689
9700 1157 1715 2018 2254 2479 2695
9750 1160 1720 2023 2260 2486 2702
9800 1165 1727 2030 2268 2495 2712
9850 1170 1734 2038 2276 2504 2722
9900 1175 1740 2045 2285 2513 2732
9950 1180 1747 2053 2293 2522 2742
10000 1184 1754 2060 2301 2532 2752
10050 1189 1761 2068 2310 2541 2762
10100 1194 1767 2075 2318 2550 2772
10150 1199 1774 2083 2326 2559 2782
10200 1204 1781 2090 2335 2568 2792
10250 1208 1788 2098 2343 2577 2802
10300 1213 1794 2105 2351 2587 2812
10350 1218 1801 2113 2360 2596 2822
10400 1223 1808 2120 2368 2605 2832
10450 1228 1815 2128 2376 2614 2842
10500 1232 1821 2135 2385 2623 2851
10550 1237 1828 2142 2393 2632 2861
10600 1242 1835 2150 2401 2642 2871
10650 1247 1842 2157 2410 2651 2881
10700 1252 1848 2165 2418 2660 2891
10750 1256 1855 2172 2426 2669 2901
10800 1261 1862 2180 2435 2678 2911
10850 1266 1869 2187 2443 2687 2921
10900 1270 1875 2195 2452 2697 2931
10950 1274 1881 2202 2460 2706 2941
11000 1277 1886 2210 2468 2715 2951
11050 1281 1892 2217 2477 2724 2961
11100 1284 1898 2225 2485 2734 2972
11150 1288 1904 2232 2494 2743 2982
11200 1291 1909 2240 2502 2752 2992
11250 1295 1915 2247 2510 2761 3002
11300 1298 1921 2255 2519 2771 3012
11350 1302 1927 2262 2527 2780 3022
11400 1305 1933 2270 2536 2789 3032
11450 1309 1938 2278 2544 2798 3042
11500 1312 1944 2285 2552 2808 3052
11550 1316 1950 2293 2561 2817 3062
11600 1319 1956 2300 2569 2826 3072
11650 1323 1961 2308 2578 2835 3082
11700 1326 1967 2315 2586 2845 3092
11750 1330 1973 2323 2594 2854 3102
11800 1333 1979 2330 2603 2863 3112
11850 1337 1985 2338 2611 2872 3122
11900 1340 1990 2345 2620 2882 3132
11950 1344 1996 2353 2628 2891 3142
12000 1347 2002 2360 2636 2900 3152
12050 1350 2006 2365 2642 2906 3159
12100 1353 2010 2369 2646 2911 3164
12150 1356 2014 2373 2651 2916 3170
12200 1358 2018 2378 2656 2921 3176
12250 1361 2021 2382 2660 2927 3181
12300 1364 2026 2387 2666 2932 3188
12350 1367 2030 2391 2670 2938 3193
12400 1370 2034 2395 2676 2943 3199
12450 1373 2038 2400 2681 2949 3205
12500 1376 2042 2405 2686 2954 3211
12550 1379 2046 2409 2691 2960 3218
12600 1382 2050 2414 2696 2966 3224
12650 1385 2055 2418 2701 2971 3230
12700 1388 2059 2423 2706 2977 3236
12750 1391 2063 2427 2711 2983 3242
12800 1394 2067 2432 2717 2988 3248
12850 1397 2071 2437 2722 2994 3254
12900 1400 2076 2441 2727 2999 3260
12950 1403 2080 2446 2732 3005 3267
13000 1406 2084 2450 2737 3011 3273
13050 1409 2088 2455 2742 3016 3279
13100 1413 2093 2460 2748 3023 3285
13150 1417 2098 2465 2754 3029 3293
13200 1420 2103 2471 2760 3036 3300
13250 1424 2108 2476 2765 3042 3307
13300 1428 2113 2481 2771 3049 3314
13350 1432 2119 2486 2777 3055 3321
13400 1436 2124 2492 2783 3062 3328
13450 1440 2129 2497 2789 3068 3335
13500 1444 2134 2502 2795 3075 3342
13550 1447 2139 2508 2801 3081 3349
13600 1451 2144 2513 2807 3088 3356
13650 1455 2149 2518 2813 3094 3363
13700 1459 2154 2523 2819 3101 3370
13750 1463 2160 2529 2825 3107 3377
13800 1467 2165 2534 2831 3114 3384
13850 1471 2170 2539 2836 3120 3392
13900 1475 2175 2545 2842 3127 3399
13950 1478 2180 2550 2848 3133 3406
14000 1482 2185 2555 2854 3140 3413
14050 1486 2190 2561 2860 3146 3420
14100 1490 2196 2566 2866 3153 3427
14150 1494 2201 2571 2872 3159 3434
14200 1498 2206 2576 2878 3166 3441
14250 1502 2211 2582 2884 3172 3448
14300 1506 2216 2587 2890 3179 3455
14350 1509 2221 2592 2896 3185 3462
14400 1513 2226 2598 2901 3192 3469
14450 1517 2232 2603 2907 3198 3476
14500 1520 2235 2606 2911 3202 3481
14550 1522 2238 2609 2914 3206 3484
14600 1525 2241 2612 2917 3209 3488
14650 1527 2244 2615 2921 3213 3492
14700 1530 2247 2618 2924 3217 3496
14750 1532 2250 2621 2927 3220 3500
14800 1535 2253 2624 2931 3224 3504
14850 1537 2256 2627 2934 3227 3508
14900 1539 2260 2630 2937 3231 3512
14950 1542 2263 2633 2941 3235 3516
15000 1544 2266 2636 2944 3238 3520
15050 1547 2269 2639 2947 3242 3524
15100 1549 2272 2641 2951 3246 3528
15150 1552 2275 2644 2954 3249 3532
15200 1554 2278 2647 2957 3253 3536
15250 1557 2281 2650 2960 3256 3540
15300 1559 2284 2653 2964 3260 3544
15350 1561 2287 2656 2966 3263 3547
15400 1563 2290 2658 2969 3266 3551
15450 1566 2292 2661 2972 3270 3554
15500 1568 2295 2664 2975 3273 3558
15550 1570 2298 2666 2978 3276 3561
15600 1572 2301 2669 2981 3279 3564
15650 1574 2303 2671 2984 3282 3568
15700 1576 2306 2674 2987 3286 3571
15750 1579 2309 2677 2990 3289 3575
15800 1581 2312 2679 2993 3292 3578
15850 1583 2314 2682 2996 3295 3582
15900 1585 2317 2685 2999 3299 3585
15950 1589 2322 2691 3006 3306 3594
16000 1593 2328 2698 3013 3315 3603
16050 1597 2334 2705 3021 3323 3613
16100 1601 2340 2712 3029 3332 3622
16150 1605 2346 2719 3037 3341 3631
16200 1609 2352 2726 3045 3349 3641
16250 1613 2358 2733 3053 3358 3650
16300 1617 2364 2740 3061 3367 3660
16350 1621 2370 2747 3068 3375 3669
16400 1625 2376 2754 3076 3384 3678
16450 1629 2382 2761 3084 3393 3688
16500 1633 2388 2768 3092 3401 3697
16550 1637 2394 2775 3100 3410 3706
16600 1641 2400 2782 3108 3418 3716
16650 1645 2406 2789 3116 3427 3725
16700 1649 2412 2796 3123 3436 3735
16750 1653 2418 2803 3131 3444 3744
16800 1657 2424 2810 3139 3453 3753
16850 1661 2430 2817 3147 3461 3762
16900 1665 2436 2824 3154 3470 3772
16950 1669 2441 2831 3162 3478 3781
17000 1673 2447 2838 3170 3487 3790
17050 1677 2453 2845 3178 3495 3799
17100 1681 2459 2852 3185 3504 3809
17150 1685 2465 2859 3193 3512 3818
17200 1689 2471 2865 3201 3521 3827
17250 1693 2477 2872 3208 3529 3836
17300 1697 2483 2879 3216 3538 3846
17350 1701 2489 2886 3224 3546 3855
17400 1705 2494 2893 3232 3555 3864
17450 1709 2500 2900 3239 3563 3873
17500 1713 2506 2907 3247 3572 3883
17550 1717 2512 2914 3255 3580 3892
17600 1721 2518 2921 3263 3589 3901
17650 1725 2524 2928 3270 3597 3910
17700 1729 2530 2935 3278 3606 3920
17750 1733 2536 2942 3286 3614 3929
17800 1737 2541 2949 3294 3623 3938
17850 1740 2547 2956 3301 3631 3947
17900 1744 2553 2962 3309 3640 3957
17950 1748 2559 2969 3317 3648 3966
18000 1752 2565 2976 3325 3657 3975
18050 1756 2571 2983 3332 3666 3984
18100 1760 2577 2990 3340 3674 3994
18150 1764 2583 2997 3348 3682 4003
18200 1768 2588 3004 3355 3691 4012
18250 1772 2594 3011 3363 3699 4021
18300 1776 2599 3016 3369 3706 4028
18350 1779 2603 3020 3374 3711 4034
18400 1782 2607 3025 3379 3716 4040
18450 1785 2612 3029 3383 3722 4045
18500 1788 2616 3033 3388 3727 4051
18550 1791 2620 3037 3393 3732 4057
18600 1794 2624 3042 3397 3737 4062
18650 1797 2628 3046 3402 3742 4068
18700 1800 2632 3050 3407 3748 4074
18750 1804 2636 3054 3412 3753 4079
18800 1807 2640 3058 3416 3758 4085
18850 1810 2644 3063 3421 3763 4090
18900 1813 2649 3067 3426 3768 4096
18950 1816 2653 3071 3430 3773 4102
19000 1819 2657 3075 3435 3779 4107
19050 1822 2661 3080 3440 3784 4113
19100 1825 2665 3084 3445 3789 4119
19150 1828 2669 3088 3449 3794 4124
19200 1831 2673 3092 3453 3799 4129
19250 1834 2677 3096 3458 3804 4135
19300 1837 2681 3100 3462 3809 4140
19350 1840 2685 3104 3467 3814 4145
19400 1843 2688 3108 3471 3819 4151
19450 1846 2692 3112 3476 3823 4156
19500 1849 2696 3116 3480 3828 4161
19550 1852 2700 3120 3485 3833 4167
19600 1855 2704 3124 3489 3838 4172
19650 1858 2708 3128 3494 3843 4178
19700 1861 2712 3132 3498 3848 4183
19750 1864 2716 3136 3503 3853 4188
19800 1867 2720 3140 3507 3858 4194
19850 1870 2724 3144 3512 3863 4199
19900 1873 2728 3148 3516 3868 4204
19950 1876 2731 3152 3521 3873 4210
20000 1879 2735 3156 3525 3878 4215
20050 1882 2739 3160 3530 3883 4220
20100 1885 2743 3164 3534 3887 4226
20150 1887 2747 3168 3539 3892 4231
20200 1890 2751 3172 3543 3897 4236
20250 1893 2755 3176 3547 3902 4242
20300 1896 2759 3180 3552 3907 4247
20350 1899 2763 3184 3556 3912 4252
20400 1902 2767 3188 3561 3917 4258
20450 1905 2771 3192 3565 3922 4263
20500 1908 2774 3196 3570 3927 4269
20550 1911 2778 3200 3574 3932 4274
20600 1914 2782 3204 3579 3937 4279
20650 1917 2786 3208 3583 3942 4285
20700 1920 2790 3212 3588 3947 4290
20750 1923 2794 3216 3592 3951 4295
20800 1926 2798 3220 3597 3956 4301
20850 1929 2802 3224 3601 3961 4306
20900 1932 2806 3228 3606 3966 4311
20950 1935 2810 3232 3610 3971 4317
21000 1938 2814 3236 3615 3976 4322
21050 1941 2817 3240 3619 3981 4327
21100 1944 2821 3244 3624 3986 4333
21150 1947 2825 3248 3628 3991 4338
21200 1950 2829 3252 3633 3996 4343
21250 1953 2833 3256 3637 4001 4349
21300 1955 2837 3260 3641 4006 4354
21350 1958 2841 3264 3646 4011 4359
21400 1961 2845 3268 3650 4015 4365
21450 1964 2849 3272 3655 4020 4370
21500 1967 2853 3276 3659 4025 4376
21550 1970 2857 3280 3664 4030 4381
21600 1973 2860 3284 3668 4035 4386
21650 1976 2865 3289 3674 4041 4393
21700 1979 2869 3295 3680 4049 4401
21750 1981 2873 3301 3687 4056 4409
21800 1984 2878 3307 3694 4063 4417
21850 1986 2882 3313 3701 4071 4425
21900 1989 2887 3319 3707 4078 4433
21950 1992 2891 3325 3714 4086 4441
22000 1994 2896 3331 3721 4093 4449
22050 1997 2900 3337 3728 4100 4457
22100 1999 2905 3343 3734 4108 4465
22150 2002 2909 3349 3741 4115 4473
22200 2005 2914 3355 3748 4122 4481
22250 2007 2918 3361 3754 4130 4489
22300 2010 2923 3367 3761 4137 4497
22350 2012 2927 3373 3768 4145 4505
22400 2015 2932 3379 3775 4152 4513
22450 2018 2936 3385 3781 4159 4521
22500 2020 2940 3391 3788 4167 4529
22550 2023 2945 3397 3795 4174 4537
22600 2025 2949 3403 3802 4182 4545
22650 2028 2954 3409 3808 4189 4554
22700 2031 2958 3415 3815 4196 4562
22750 2033 2963 3421 3822 4204 4570
22800 2036 2967 3427 3828 4211 4578
22850 2038 2972 3433 3835 4219 4586
22900 2041 2976 3439 3842 4226 4594
22950 2044 2981 3445 3849 4233 4602
23000 2046 2985 3451 3855 4241 4610
23050 2049 2990 3458 3862 4248 4618
23100 2051 2994 3464 3869 4256 4626
23150 2054 2998 3470 3875 4263 4634
23200 2057 3003 3476 3882 4270 4642
23250 2059 3007 3482 3889 4278 4650
23300 2062 3012 3488 3896 4285 4658
23350 2064 3016 3494 3902 4293 4666
23400 2067 3021 3500 3909 4300 4674
23450 2070 3025 3506 3916 4307 4682
23500 2072 3030 3512 3923 4315 4690
23550 2075 3034 3518 3929 4322 4698
23600 2077 3039 3524 3936 4330 4706
23650 2080 3043 3530 3943 4337 4714
23700 2083 3048 3536 3949 4344 4722
23750 2085 3052 3542 3956 4352 4730
23800 2088 3057 3548 3963 4359 4738
23850 2090 3061 3554 3970 4367 4746
23900 2093 3065 3560 3976 4374 4755
23950 2096 3070 3566 3983 4381 4763
24000 2098 3074 3572 3990 4389 4771
24050 2101 3079 3578 3997 4396 4779
24100 2103 3083 3584 4003 4404 4787
24150 2106 3088 3590 4010 4411 4795
24200 2109 3092 3596 4017 4418 4803
24250 2111 3097 3602 4023 4426 4811
24300 2114 3101 3608 4030 4433 4819
24350 2116 3106 3614 4037 4441 4827
24400 2119 3110 3620 4044 4448 4835
24450 2122 3115 3626 4050 4455 4843
24500 2124 3119 3632 4057 4463 4851
24550 2127 3123 3638 4064 4470 4859
24600 2129 3128 3644 4070 4478 4867
24650 2132 3132 3650 4077 4485 4875
24700 2134 3137 3656 4084 4492 4883
24750 2137 3141 3662 4091 4500 4891
24800 2140 3146 3668 4097 4507 4899
24850 2142 3150 3674 4104 4515 4907
24900 2145 3155 3680 4111 4522 4915
24950 2147 3159 3686 4118 4529 4923
25000 2150 3164 3692 4124 4537 4931
25050 2153 3168 3698 4131 4544 4939
25100 2155 3173 3704 4138 4551 4947
25150 2158 3177 3710 4144 4559 4956
25200 2160 3182 3716 4151 4566 4964
25250 2163 3186 3722 4158 4574 4972
25300 2166 3190 3728 4165 4581 4980
25350 2168 3195 3734 4171 4588 4988
25400 2171 3199 3740 4178 4596 4996
25450 2173 3204 3746 4185 4603 5004
25500 2176 3208 3752 4192 4611 5012
25550 2179 3213 3758 4198 4618 5020
25600 2181 3217 3765 4205 4625 5028
25650 2184 3222 3771 4212 4633 5036
25700 2186 3226 3777 4218 4640 5044
25750 2189 3231 3783 4225 4648 5052
25800 2192 3235 3789 4232 4655 5060
25850 2194 3240 3795 4239 4662 5068
25900 2197 3244 3801 4245 4670 5076
25950 2199 3249 3807 4252 4677 5084
26000 2202 3253 3813 4259 4685 5092
26050 2205 3257 3819 4265 4692 5100
26100 2207 3262 3825 4272 4699 5108
26150 2210 3266 3831 4279 4707 5116
26200 2212 3271 3837 4286 4714 5124
26250 2215 3275 3843 4292 4722 5132
26300 2218 3280 3849 4299 4729 5140
26350 2220 3284 3855 4306 4736 5148
26400 2223 3289 3861 4313 4744 5157
26450 2225 3293 3867 4319 4751 5165
26500 2228 3298 3873 4326 4759 5173
26550 2231 3302 3879 4333 4766 5181
26600 2233 3307 3885 4339 4773 5189
26650 2236 3311 3891 4346 4781 5197
26700 2238 3315 3897 4353 4788 5205
26750 2241 3320 3902 4359 4794 5212
26800 2244 3323 3906 4363 4800 5217
26850 2246 3327 3911 4368 4805 5223
26900 2249 3331 3915 4373 4810 5229
26950 2252 3335 3919 4378 4816 5235
27000 2255 3339 3924 4383 4821 5241
27050 2257 3343 3928 4388 4827 5246
27100 2260 3347 3933 4393 4832 5252
27150 2263 3350 3937 4398 4837 5258
27200 2265 3354 3941 4402 4843 5264
27250 2268 3358 3946 4407 4848 5270
27300 2271 3362 3950 4412 4853 5276
27350 2273 3366 3954 4417 4859 5281
27400 2276 3370 3959 4422 4864 5287
27450 2279 3374 3963 4427 4869 5293
27500 2282 3377 3967 4432 4875 5299
27550 2284 3381 3972 4436 4880 5305
27600 2287 3385 3976 4441 4885 5311
27650 2290 3389 3981 4446 4891 5316
27700 2292 3393 3985 4451 4896 5322
27750 2295 3397 3989 4456 4902 5328
27800 2298 3401 3994 4461 4907 5334
27850 2300 3404 3998 4466 4912 5340
27900 2303 3408 4002 4471 4918 5345
27950 2306 3412 4007 4475 4923 5351
28000 2309 3416 4011 4480 4928 5357
28050 2311 3420 4015 4485 4934 5363
28100 2314 3424 4020 4490 4939 5369
28150 2317 3428 4024 4495 4944 5375
28200 2319 3431 4028 4500 4950 5380
28250 2322 3435 4033 4505 4955 5386
28300 2325 3439 4037 4510 4961 5392
28350 2327 3443 4042 4514 4966 5398
28400 2330 3447 4046 4519 4971 5404
28450 2333 3451 4050 4524 4977 5410
28500 2335 3455 4055 4529 4982 5415
28550 2338 3458 4059 4534 4987 5421
28600 2341 3462 4063 4539 4993 5427
28650 2344 3466 4068 4544 4998 5433
28700 2346 3470 4072 4549 5003 5439
28750 2349 3474 4076 4553 5009 5445
28800 2352 3478 4081 4558 5014 5450
28850 2354 3482 4085 4563 5019 5456
28900 2357 3485 4090 4568 5025 5462
28950 2360 3489 4094 4573 5030 5468
29000 2362 3493 4098 4578 5036 5474
29050 2365 3497 4103 4583 5041 5479
29100 2368 3501 4107 4588 5046 5485
29150 2371 3505 4111 4592 5052 5491
29200 2373 3509 4116 4597 5057 5497
29250 2376 3512 4120 4602 5062 5503
29300 2379 3516 4124 4607 5068 5509
29350 2381 3520 4129 4612 5073 5514
29400 2384 3524 4133 4617 5078 5520
29450 2387 3528 4138 4622 5084 5526
29500 2389 3532 4142 4626 5089 5532
29550 2392 3536 4146 4631 5094 5538
29600 2395 3539 4151 4636 5100 5544
29650 2397 3543 4155 4641 5105 5549
29700 2400 3547 4159 4646 5111 5555
29750 2403 3551 4164 4651 5116 5561
29800 2406 3555 4168 4656 5121 5567
29850 2408 3559 4172 4661 5127 5573
29900 2411 3562 4177 4665 5132 5578
29950 2414 3566 4181 4670 5137 5584
30000 2416 3570 4185 4675 5143 5590
30050 2419 3574 4190 4680 5148 5596
30100 2422 3578 4194 4685 5153 5602
30150 2424 3582 4199 4690 5159 5608
30200 2427 3586 4203 4695 5164 5613
30250 2430 3589 4207 4700 5170 5619
30300 2433 3593 4212 4704 5175 5625
30350 2435 3597 4216 4709 5180 5631
30400 2438 3601 4220 4714 5186 5637
30450 2441 3605 4225 4719 5191 5643
30500 2443 3609 4229 4724 5196 5648
30550 2446 3613 4233 4729 5202 5654
30600 2449 3616 4238 4734 5207 5660
30650 2451 3620 4242 4739 5212 5666
30700 2454 3624 4247 4743 5218 5672
30750 2457 3628 4251 4748 5223 5677
30800 2460 3632 4255 4753 5228 5683
30850 2462 3636 4260 4758 5234 5689
30900 2465 3640 4264 4763 5239 5695
30950 2468 3643 4268 4768 5245 5701
31000 2470 3647 4273 4773 5250 5707
31050 2473 3651 4277 4777 5255 5712
31100 2476 3655 4281 4782 5261 5718
31150 2478 3659 4286 4787 5266 5724
31200 2481 3663 4290 4792 5271 5730
31250 2484 3667 4295 4797 5277 5736
31300 2486 3670 4299 4802 5282 5742
31350 2489 3674 4303 4807 5287 5747
31400 2492 3678 4308 4812 5293 5753
31450 2495 3682 4312 4816 5298 5759
31500 2497 3686 4316 4821 5303 5765
31550 2500 3690 4321 4826 5309 5771
31600 2503 3694 4325 4831 5314 5777
31650 2505 3697 4329 4836 5320 5782
31700 2508 3701 4334 4841 5325 5788
31750 2511 3705 4338 4846 5330 5794
31800 2513 3709 4342 4851 5336 5800
31850 2516 3713 4347 4855 5341 5806
31900 2519 3717 4351 4860 5346 5811
31950 2522 3721 4356 4865 5352 5817
32000 2524 3724 4360 4870 5357 5823
32050 2527 3728 4364 4875 5362 5829
32100 2530 3732 4369 4880 5368 5835
32150 2532 3736 4373 4885 5373 5841
32200 2535 3740 4377 4890 5378 5846
32250 2538 3744 4382 4894 5384 5852
32300 2540 3748 4386 4899 5389 5858
32350 2543 3751 4390 4904 5395 5864
32400 2546 3755 4395 4909 5400 5870
32450 2549 3759 4399 4914 5405 5876
32500 2551 3763 4404 4919 5411 5881
32550 2554 3767 4408 4924 5416 5887
32600 2557 3771 4412 4929 5421 5893
32650 2559 3775 4417 4933 5427 5899
32700 2562 3778 4421 4938 5432 5905
32750 2565 3782 4425 4943 5437 5910
32800 2567 3786 4430 4948 5443 5916
32850 2570 3790 4434 4953 5448 5922
32900 2573 3794 4438 4958 5454 5928
32950 2575 3798 4443 4963 5459 5934
33000 2578 3802 4447 4967 5464 5940
33050 2581 3805 4452 4972 5470 5945
33100 2584 3809 4456 4977 5475 5951
33150 2586 3813 4460 4982 5480 5957
33200 2589 3817 4465 4987 5486 5963
33250 2592 3821 4469 4992 5491 5969
33300 2594 3825 4473 4997 5496 5975
33350 2597 3829 4478 5002 5502 5980
33400 2600 3832 4482 5006 5507 5986
33450 2602 3836 4486 5011 5512 5992
33500 2605 3840 4491 5016 5518 5998
33550 2608 3844 4495 5021 5523 6004
33600 2611 3848 4500 5026 5529 6010
33650 2613 3852 4504 5031 5534 6015
33700 2616 3856 4508 5036 5539 6021
33750 2619 3859 4513 5041 5545 6027
33800 2621 3863 4517 5045 5550 6033
33850 2624 3867 4521 5050 5555 6039
33900 2627 3871 4526 5055 5561 6044
33950 2629 3875 4530 5060 5566 6050
34000 2632 3879 4534 5065 5571 6056
34050 2635 3883 4539 5070 5577 6062
34100 2638 3886 4543 5075 5582 6068
34150 2640 3890 4547 5080 5587 6074
34200 2643 3894 4552 5084 5593 6079
34250 2646 3898 4556 5089 5598 6085
34300 2648 3902 4561 5094 5604 6091
34350 2651 3906 4565 5099 5609 6097
34400 2654 3910 4569 5104 5614 6103
34450 2656 3913 4574 5109 5620 6109
34500 2659 3917 4578 5114 5625 6114
34550 2662 3921 4582 5119 5630 6120
34600 2664 3925 4587 5123 5636 6126
34650 2667 3929 4591 5128 5641 6132
34700 2670 3933 4595 5133 5646 6138
34750 2673 3937 4600 5138 5652 6143
34800 2675 3940 4604 5143 5657 6149
34850 2678 3944 4609 5148 5663 6155
34900 2681 3948 4613 5153 5668 6161
34950 2683 3952 4617 5157 5673 6167
35000 2686 3956 4622 5162 5679 6173
35050 2689 3960 4626 5167 5684 6178
35100 2691 3963 4630 5172 5689 6184
35150 2694 3967 4635 5177 5695 6190
35200 2697 3971 4639 5182 5700 6196
35250 2700 3975 4643 5187 5705 6202
35300 2702 3979 4648 5192 5711 6208
35350 2705 3983 4652 5196 5716 6213
35400 2708 3987 4657 5201 5721 6219
35450 2710 3990 4661 5206 5727 6225
35500 2713 3994 4665 5211 5732 6231
35550 2716 3998 4670 5216 5738 6237
35600 2718 4002 4674 5221 5743 6243
35650 2721 4006 4678 5226 5748 6248
35700 2724 4010 4683 5231 5754 6254
35750 2727 4014 4687 5235 5759 6260
35800 2729 4017 4691 5240 5764 6266
35850 2732 4021 4696 5245 5770 6272
35900 2735 4025 4700 5250 5775 6277
35950 2737 4029 4704 5255 5780 6283
36000 2740 4033 4709 5260 5786 6289
36050 2743 4037 4713 5265 5791 6295
36100 2745 4041 4718 5270 5796 6301
36150 2748 4044 4722 5274 5802 6307
36200 2751 4048 4726 5279 5807 6312
36250 2753 4052 4731 5284 5813 6318
36300 2756 4056 4735 5289 5818 6324
36350 2759 4060 4739 5294 5823 6330
36400 2762 4064 4744 5299 5829 6336
36450 2764 4068 4748 5304 5834 6342
36500 2767 4071 4752 5308 5839 6347
36550 2770 4075 4757 5313 5845 6353
36600 2772 4079 4761 5318 5850 6359
36650 2775 4083 4766 5323 5855 6365
36700 2778 4087 4770 5328 5861 6371
36750 2780 4091 4774 5333 5866 6376
36800 2783 4095 4779 5338 5871 6382
36850 2786 4098 4783 5343 5877 6388
36900 2789 4102 4787 5347 5882 6394
36950 2791 4106 4792 5352 5888 6400
37000 2794 4110 4796 5357 5893 6406
37050 2797 4114 4800 5362 5898 6411
37100 2799 4118 4805 5367 5904 6417
37150 2802 4122 4809 5372 5909 6423
37200 2805 4125 4814 5377 5914 6429
37250 2807 4129 4818 5382 5920 6435
37300 2810 4133 4822 5386 5925 6441
37350 2813 4137 4827 5391 5930 6446
37400 2816 4141 4831 5396 5936 6452
37450 2818 4145 4835 5401 5941 6458
37500 2821 4149 4840 5406 5947 6464
37550 2824 4152 4844 5411 5952 6470
37600 2826 4156 4848 5416 5957 6476
37650 2829 4160 4853 5421 5963 6481
37700 2832 4164 4857 5425 5968 6487
37750 2834 4168 4861 5430 5973 6493
37800 2837 4172 4866 5435 5979 6499
37850 2840 4176 4870 5440 5984 6505
37900 2842 4179 4875 5445 5989 6510
37950 2845 4183 4879 5450 5995 6516
38000 2848 4187 4883 5455 6000 6522
38050 2851 4191 4888 5460 6005 6528
38100 2853 4195 4892 5464 6011 6534
38150 2856 4199 4896 5469 6016 6540
38200 2859 4203 4901 5474 6022 6545
38250 2861 4206 4905 5479 6027 6551
38300 2864 4210 4909 5484 6032 6557
38350 2867 4214 4914 5489 6038 6563
38400 2869 4218 4918 5494 6043 6569
38450 2872 4222 4923 5498 6048 6575
38500 2875 4226 4927 5503 6054 6580
38550 2878 4230 4931 5508 6059 6586
38600 2880 4233 4936 5513 6064 6592
38650 2883 4237 4940 5518 6070 6598
38700 2886 4241 4944 5523 6075 6604
38750 2888 4245 4949 5528 6080 6609
38800 2891 4249 4953 5533 6086 6615
38850 2894 4253 4957 5537 6091 6621
38900 2896 4257 4962 5542 6097 6627
38950 2899 4260 4966 5547 6102 6633
39000 2902 4264 4971 5552 6107 6639
39050 2905 4268 4975 5557 6113 6644
39100 2907 4272 4979 5562 6118 6650
39150 2910 4276 4984 5567 6123 6656
39200 2913 4280 4988 5572 6129 6662
39250 2915 4284 4992 5576 6134 6668
39300 2918 4287 4997 5581 6139 6674
39350 2921 4291 5001 5586 6145 6679
39400 2923 4295 5005 5591 6150 6685
39450 2926 4299 5010 5596 6156 6691
39500 2929 4303 5014 5601 6161 6697
39550 2931 4307 5018 5606 6166 6703
39600 2934 4311 5023 5611 6172 6709
39650 2937 4314 5027 5615 6177 6714
39700 2940 4318 5032 5620 6182 6720
39750 2942 4322 5036 5625 6188 6726
39800 2945 4326 5040 5630 6193 6732
39850 2948 4330 5045 5635 6198 6738
39900 2950 4334 5049 5640 6204 6743
39950 2953 4338 5053 5645 6209 6749
40000 2956 4341 5058 5650 6214 6755