800 100 150 150 150 150 150
850 114 150 150 150 150 150
900 140 154 155 156 158 159
950 165 179 181 183 184 186
1000 180 205 207 209 211 212
1050 186 230 233 235 237 239
1100 196 256 258 261 263 265
1150 212 282 285 288 291 294
1200 228 311 320 323 327 330
1250 243 329 355 358 362 366
1300 258 347 389 394 398 402
1350 273 365 418 429 433 438
1400 282 383 438 464 469 474
1450 291 400 457 496 504 509
1500 299 418 476 516 538 544
1550 307 435 495 536 572 578
1600 316 452 513 556 594 613
1650 324 469 532 576 615 648
1700 332 482 551 596 636 672
1750 341 494 570 616 657 694
1800 349 506 588 636 678 716
1850 357 518 607 656 699 738
1900 366 530 624 676 720 760
1950 374 542 638 696 741 782
2000 382 553 652 715 762 804
2050 390 565 666 735 783 826
2100 399 577 680 751 804 848
2150 407 589 694 766 824 869
2200 415 601 708 782 845 891
2250 423 613 721 797 866 913
2300 431 625 735 813 885 935
2350 440 637 749 828 902 957
2400 448 648 763 843 919 978
2450 453 656 772 853 930 994
2500 458 664 781 863 940 1009
2550 463 671 790 873 951 1022
2600 469 678 799 882 961 1033
2650 474 686 807 892 972 1045
2700 479 693 816 902 982 1056
2750 484 701 825 911 993 1067
2800 489 708 833 921 1003 1079
2850 494 715 842 930 1014 1090
2900 499 722 850 939 1023 1100
2950 503 728 857 946 1031 1109
3000 507 734 863 954 1040 1118
3050 511 740 870 962 1048 1127
3100 515 746 877 969 1056 1136
3150 519 751 883 976 1063 1143
3200 522 755 888 981 1069 1149
3250 525 759 893 987 1075 1156
3300 529 764 898 992 1081 1162
3350 532 768 903 997 1087 1168
3400 535 772 907 1003 1092 1175
3450 538 777 912 1008 1098 1181
3500 541 781 917 1013 1104 1187
3550 544 786 922 1019 1110 1194
3600 548 790 927 1025 1117 1201
3650 551 795 933 1031 1123 1207
3700 554 799 938 1036 1129 1214
3750 557 804 943 1042 1135 1221
3800 561 808 948 1048 1142 1228
3850 564 813 953 1053 1148 1234
3900 569 820 961 1062 1157 1245
3950 574 827 969 1071 1167 1255
4000 578 834 978 1080 1177 1266
4050 583 841 986 1089 1187 1276
4100 588 848 994 1098 1197 1287
4150 593 855 1002 1107 1207 1297
4200 598 862 1010 1116 1216 1307
4250 603 868 1018 1124 1225 1317
4300 608 875 1025 1133 1235 1327
4350 613 882 1033 1141 1244 1337
4400 617 889 1041 1150 1253 1347
4450 622 896 1049 1159 1263 1357
4500 627 902 1056 1167 1272 1368
4550 632 909 1064 1176 1281 1378
4600 637 916 1072 1184 1290 1387
4650 641 921 1078 1191 1298 1395
4700 644 927 1084 1198 1305 1403
4750 648 932 1090 1205 1313 1411
4800 652 937 1097 1212 1320 1419
4850 655 942 1102 1217 1326 1426
4900 657 946 1107 1223 1332 1432
4950 660 950 1112 1228 1338 1439
5000 663 954 1117 1234 1344 1445
5050 666 958 1121 1239 1350 1452
5100 669 963 1127 1245 1357 1459
5150 672 968 1132 1251 1363 1466
5200 676 972 1138 1257 1370 1473
5250 679 977 1143 1263 1376 1480
5300 682 981 1149 1269 1383 1487
5350 685 986 1154 1276 1390 1494
5400 689 991 1161 1282 1397 1502
5450 693 997 1167 1289 1404 1510
5500 697 1003 1173 1296 1412 1518
5550 701 1008 1180 1304 1420 1526
5600 706 1014 1186 1311 1428 1535
5650 710 1020 1193 1318 1436 1544
5700 714 1026 1200 1326 1444 1552
5750 718 1032 1206 1333 1452 1561
5800 723 1038 1213 1340 1460 1569
5850 727 1044 1220 1348 1468 1578
5900 731 1050 1226 1355 1476 1586
5950 735 1056 1233 1362 1484 1595
6000 740 1061 1240 1370 1492 1604
6050 744 1067 1246 1377 1500 1612
6100 748 1073 1253 1385 1508 1621
6150 752 1079 1260 1392 1516 1630
6200 756 1085 1267 1400 1525 1639
6250 760 1091 1274 1407 1533 1648
6300 764 1097 1281 1415 1541 1657
6350 768 1103 1288 1423 1550 1666
6400 772 1109 1294 1430 1558 1674
6450 776 1114 1301 1438 1566 1683
6500 781 1120 1308 1446 1575 1692
6550 785 1127 1316 1454 1583 1702
6600 789 1133 1323 1462 1592 1711
6650 793 1139 1330 1470 1601 1720
6700 798 1145 1337 1478 1609 1730
6750 802 1151 1345 1486 1618 1739
6800 806 1157 1352 1494 1627 1748
6850 810 1163 1359 1502 1635 1758
6900 815 1170 1366 1510 1644 1767
6950 819 1176 1373 1518 1653 1776
7000 823 1182 1381 1526 1661 1786
7050 827 1188 1388 1533 1670 1795
7100 832 1194 1395 1541 1679 1804
7150 835 1200 1401 1548 1686 1812
7200 839 1205 1407 1555 1694 1820
7250 842 1210 1414 1562 1701 1828
7300 846 1215 1420 1569 1708 1836
7350 850 1220 1426 1575 1716 1843
7400 853 1225 1432 1582 1723 1851
7450 857 1231 1438 1589 1730 1859
7500 860 1236 1444 1596 1738 1867
7550 864 1241 1450 1602 1745 1875
7600 867 1246 1456 1609 1752 1883
7650 871 1251 1462 1616 1760 1891
7700 875 1256 1468 1623 1767 1899
7750 878 1262 1474 1629 1774 1906
7800 882 1267 1481 1636 1782 1914
7850 885 1272 1487 1643 1789 1922
7900 889 1277 1493 1650 1796 1930
7950 893 1282 1499 1656 1804 1938
8000 896 1287 1505 1663 1811 1946
8050 898 1297 1511 1672 1824 1949
8100 900 1304 1520 1681 1834 1959
8150 902 1311 1528 1690 1844 1970
8200 907 1318 1537 1700 1854 1981
8250 912 1326 1545 1709 1864 1992
8300 917 1333 1553 1718 1874 2002
8350 922 1340 1562 1727 1884 2013
8400 927 1347 1570 1736 1894 2024
8450 931 1354 1578 1746 1904 2034
8500 936 1361 1587 1755 1914 2045
8550 941 1368 1595 1764 1924 2056
8600 946 1375 1603 1773 1934 2066
8650 951 1383 1611 1782 1944 2077
8700 956 1390 1620 1792 1954 2088
8750 961 1397 1628 1801 1964 2098
8800 966 1404 1636 1810 1974 2109
8850 971 1411 1645 1819 1984 2120
8900 975 1418 1653 1828 1994 2131
8950 980 1425 1661 1838 2004 2141
9000 985 1433 1670 1847 2014 2152
9050 990 1440 1678 1856 2024 2163
9100 995 1447 1686 1865 2034 2173
9150 1000 1454 1695 1874 2044 2184
9200 1005 1461 1703 1884 2055 2195
9250 1010 1468 1711 1893 2065 2205
9300 1015 1475 1720 1902 2075 2216
9350 1019 1482 1728 1911 2085 2227
9400 1024 1490 1736 1920 2095 2237
9450 1029 1497 1745 1930 2105 2248
9500 1034 1504 1753 1939 2115 2259
9550 1039 1511 1761 1948 2125 2270
9600 1044 1518 1770 1957 2135 2280
9650 1049 1525 1778 1967 2145 2291
9700 1054 1532 1786 1976 2155 2302
9750 1059 1539 1795 1985 2165 2312
9800 1064 1547 1803 1994 2175 2323
9850 1068 1554 1811 2003 2185 2334
9900 1073 1561 1820 2013 2195 2344
9950 1078 1568 1828 2022 2205 2355
10000 1083 1575 1836 2031 2215 2366
10050 1088 1582 1845 2040 2225 2376
10100 1093 1589 1853 2049 2235 2387
10150 1098 1597 1861 2059 2245 2398
10200 1103 1604 1870 2068 2255 2408
10250 1108 1611 1878 2077 2265 2419
10300 1112 1618 1886 2086 2275 2430
10350 1117 1625 1894 2095 2285 2441
10400 1122 1632 1903 2105 2295 2451
10450 1127 1639 1911 2114 2305 2462
10500 1132 1646 1919 2123 2315 2473
10550 1137 1654 1928 2132 2325 2483
10600 1142 1661 1936 2141 2335 2494
10650 1147 1668 1944 2151 2345 2505
10700 1152 1675 1953 2160 2355 2515
10750 1156 1682 1961 2169 2365 2526
10800 1161 1689 1969 2178 2375 2537
10850 1166 1696 1978 2187 2385 2547
10900 1171 1703 1986 2196 2395 2558
10950 1176 1710 1994 2205 2405 2568
11000 1181 1717 2002 2215 2415 2579
11050 1186 1725 2010 2224 2425 2589
11100 1191 1732 2019 2233 2435 2600
11150 1195 1739 2027 2242 2445 2610
11200 1200 1746 2035 2251 2454 2621
11250 1205 1753 2043 2260 2464 2632
11300 1210 1760 2051 2269 2474 2642
11350 1215 1767 2060 2278 2484 2653
11400 1220 1774 2068 2287 2494 2663
11450 1225 1781 2076 2296 2504 2674
11500 1229 1788 2084 2305 2514 2684
11550 1234 1795 2093 2314 2524 2695
11600 1239 1802 2101 2324 2534 2705
11650 1244 1809 2109 2333 2544 2716
11700 1249 1816 2117 2342 2553 2726
11750 1254 1824 2125 2351 2563 2737
11800 1259 1831 2134 2360 2573 2748
11850 1264 1838 2142 2369 2583 2758
11900 1268 1845 2150 2378 2593 2769
11950 1273 1852 2158 2387 2603 2779
12000 1278 1859 2166 2396 2613 2790
12050 1283 1866 2175 2405 2623 2800
12100 1288 1873 2183 2414 2633 2811
12150 1293 1880 2191 2424 2642 2821
12200 1298 1887 2199 2433 2652 2832
12250 1303 1894 2208 2442 2662 2842
12300 1307 1901 2216 2451 2672 2853
12350 1312 1908 2224 2460 2682 2864
12400 1317 1915 2232 2469 2692 2874
12450 1322 1923 2240 2478 2702 2885
12500 1327 1930 2249 2487 2712 2895
12550 1332 1937 2257 2496 2722 2906
12600 1337 1944 2265 2505 2732 2916
12650 1342 1951 2273 2514 2741 2927
12700 1346 1958 2281 2523 2751 2937
12750 1351 1965 2290 2533 2761 2948
12800 1356 1972 2298 2542 2771 2958
12850 1361 1979 2306 2551 2781 2969
12900 1366 1986 2314 2560 2791 2980
12950 1371 1993 2323 2569 2801 2990
13000 1376 2000 2331 2578 2811 3001
13050 1380 2007 2339 2587 2821 3011
13100 1385 2014 2347 2596 2830 3022
13150 1390 2022 2355 2605 2840 3032
13200 1395 2029 2364 2614 2850 3043
13250 1400 2036 2372 2623 2860 3053
13300 1405 2043 2380 2632 2870 3064
13350 1410 2050 2388 2642 2880 3074
13400 1415 2057 2396 2651 2890 3085
13450 1419 2064 2405 2660 2900 3096
13500 1424 2071 2413 2669 2910 3106
13550 1429 2078 2421 2678 2920 3117
13600 1434 2085 2429 2687 2929 3127
13650 1439 2092 2437 2696 2939 3138
13700 1444 2099 2446 2705 2949 3148
13750 1449 2106 2454 2714 2959 3159
13800 1454 2113 2462 2723 2969 3169
13850 1458 2120 2470 2732 2979 3180
13900 1463 2128 2479 2742 2989 3190
13950 1468 2135 2487 2750 2999 3201
14000 1472 2141 2494 2759 3007 3210
14050 1477 2147 2501 2767 3016 3219
14100 1481 2153 2509 2775 3025 3229
14150 1486 2160 2516 2783 3034 3238
14200 1490 2166 2523 2791 3042 3247
14250 1494 2172 2530 2799 3051 3257
14300 1499 2179 2538 2807 3060 3266
14350 1503 2185 2545 2815 3069 3275
14400 1507 2191 2552 2823 3077 3285
14450 1512 2198 2560 2831 3086 3294
14500 1516 2204 2567 2839 3095 3303
14550 1520 2210 2574 2847 3104 3313
14600 1525 2217 2581 2855 3112 3322
14650 1529 2223 2589 2863 3121 3331
14700 1534 2229 2596 2871 3130 3340
14750 1538 2235 2603 2879 3139 3350
14800 1542 2242 2610 2887 3147 3359
14850 1547 2248 2618 2896 3156 3368
14900 1551 2254 2625 2904 3165 3378
14950 1555 2261 2632 2912 3174 3387
15000 1560 2267 2640 2920 3182 3396
15050 1564 2273 2647 2928 3191 3406
15100 1568 2279 2654 2936 3200 3415
15150 1573 2286 2661 2944 3209 3424
15200 1577 2292 2669 2952 3217 3434
15250 1581 2298 2676 2960 3226 3443
15300 1586 2305 2683 2968 3235 3452
15350 1590 2311 2691 2976 3244 3461
15400 1594 2317 2698 2984 3253 3471
15450 1599 2324 2705 2992 3261 3480
15500 1603 2330 2712 3000 3270 3489
15550 1608 2336 2720 3008 3279 3499
15600 1612 2342 2727 3016 3288 3508
15650 1616 2349 2734 3024 3296 3517
15700 1621 2355 2742 3032 3305 3527
15750 1625 2361 2749 3040 3314 3536
15800 1629 2368 2756 3049 3323 3545
15850 1634 2374 2763 3057 3331 3554
15900 1638 2380 2771 3065 3340 3564
15950 1642 2387 2778 3073 3349 3573
16000 1647 2393 2785 3081 3358 3582
16050 1651 2399 2792 3089 3366 3592
16100 1655 2405 2800 3097 3375 3601
16150 1660 2412 2807 3105 3384 3610
16200 1664 2418 2814 3113 3393 3620
16250 1669 2424 2822 3121 3401 3629
16300 1673 2431 2829 3129 3410 3638
16350 1677 2437 2836 3137 3419 3648
16400 1682 2443 2843 3145 3428 3657
16450 1686 2450 2851 3153 3436 3666
16500 1690 2456 2858 3161 3445 3675
16550 1695 2462 2865 3169 3454 3685
16600 1699 2468 2873 3177 3463 3694
16650 1703 2475 2880 3185 3471 3703
16700 1708 2481 2887 3194 3480 3713
16750 1712 2487 2894 3202 3489 3722
16800 1716 2494 2902 3210 3498 3731
16850 1721 2500 2909 3218 3506 3741
16900 1725 2506 2916 3226 3515 3750
16950 1729 2513 2924 3234 3524 3759
17000 1734 2519 2931 3242 3533 3769
17050 1738 2525 2938 3250 3541 3778
17100 1743 2531 2945 3258 3550 3787
17150 1747 2538 2953 3266 3559 3796
17200 1751 2544 2960 3274 3568 3806
17250 1756 2550 2967 3282 3576 3815
17300 1760 2557 2974 3290 3585 3824
17350 1764 2563 2982 3298 3594 3834
17400 1769 2570 2989 3307 3603 3843
17450 1774 2577 2998 3316 3613 3854
17500 1778 2584 3006 3325 3623 3864
17550 1783 2591 3014 3334 3633 3875
17600 1788 2597 3022 3343 3642 3885
17650 1793 2604 3030 3352 3652 3896
17700 1798 2611 3038 3361 3662 3906
17750 1802 2618 3046 3370 3672 3917
17800 1807 2625 3054 3379 3682 3927
17850 1812 2632 3063 3388 3691 3937
17900 1817 2639 3071 3397 3701 3948
17950 1822 2646 3079 3406 3711 3958
18000 1826 2653 3087 3415 3721 3969
18050 1831 2660 3095 3424 3731 3979
18100 1836 2667 3103 3433 3740 3990
18150 1841 2674 3111 3442 3750 4000
18200 1845 2681 3120 3451 3760 4010
18250 1850 2688 3128 3460 3770 4021
18300 1855 2695 3136 3469 3780 4031
18350 1860 2702 3144 3478 3789 4042
18400 1865 2709 3152 3487 3799 4052
18450 1869 2716 3160 3496 3809 4063
18500 1874 2723 3168 3505 3819 4073
18550 1879 2730 3177 3514 3829 4084
18600 1884 2737 3185 3523 3838 4094
18650 1889 2744 3193 3532 3848 4104
18700 1893 2751 3201 3541 3858 4115
18750 1898 2758 3209 3550 3868 4125
18800 1903 2765 3217 3559 3878 4136
18850 1908 2772 3225 3568 3887 4146
18900 1912 2779 3233 3577 3897 4157
18950 1917 2786 3242 3586 3907 4167
19000 1922 2793 3250 3595 3917 4178
19050 1927 2800 3258 3604 3927 4188
19100 1932 2807 3266 3613 3936 4198
19150 1936 2814 3274 3622 3946 4209
19200 1941 2821 3282 3631 3956 4219
19250 1946 2828 3290 3640 3966 4230
19300 1951 2835 3299 3649 3976 4240
19350 1956 2842 3307 3658 3985 4251
19400 1960 2849 3315 3667 3995 4261
19450 1965 2856 3323 3676 4005 4271
19500 1970 2863 3331 3685 4015 4282
19550 1975 2869 3339 3694 4025 4292
19600 1979 2876 3347 3703 4034 4303
19650 1984 2883 3355 3712 4044 4313
19700 1989 2890 3364 3721 4054 4324
19750 1994 2897 3372 3730 4064 4334
19800 1999 2904 3380 3739 4074 4345
19850 2003 2911 3388 3748 4083 4355
19900 2008 2918 3396 3757 4093 4365
19950 2013 2925 3404 3766 4103 4376
20000 2018 2932 3412 3775 4113 4386
20050 2023 2939 3421 3784 4123 4397
20100 2027 2946 3429 3793 4132 4407
20150 2032 2953 3437 3802 4142 4418
20200 2037 2960 3445 3811 4152 4428
20250 2042 2967 3453 3820 4162 4439
20300 2046 2974 3461 3829 4172 4449
20350 2051 2981 3469 3838 4181 4459
20400 2056 2988 3478 3847 4191 4470
20450 2061 2995 3486 3856 4201 4480
20500 2066 3002 3494 3865 4211 4491
20550 2070 3009 3502 3874 4221 4501
20600 2075 3016 3510 3883 4230 4512
20650 2080 3023 3518 3892 4240 4522
20700 2085 3030 3526 3901 4250 4533
20750 2089 3037 3534 3910 4260 4543
20800 2094 3044 3543 3919 4270 4553
20850 2099 3051 3551 3928 4279 4564
20900 2104 3058 3559 3937 4289 4574
20950 2109 3065 3567 3946 4299 4585
21000 2113 3072 3575 3955 4309 4595
21050 2118 3079 3583 3964 4319 4606
21100 2123 3086 3591 3973 4328 4616
21150 2128 3093 3600 3982 4338 4626
21200 2133 3100 3608 3991 4348 4637
21250 2137 3107 3616 4000 4358 4647
21300 2142 3114 3624 4009 4368 4658
21350 2147 3121 3632 4018 4377 4668
21400 2152 3128 3640 4027 4387 4679
21450 2156 3135 3648 4036 4397 4689
21500 2161 3141 3657 4045 4407 4700
21550 2166 3148 3665 4054 4417 4710
21600 2171 3155 3673 4063 4426 4720
21650 2176 3162 3681 4072 4436 4731
21700 2180 3169 3689 4081 4446 4741
21750 2185 3176 3697 4090 4456 4752
21800 2190 3183 3705 4099 4466 4762
21850 2195 3190 3713 4108 4475 4773
21900 2200 3197 3722 4117 4485 4783
21950 2204 3204 3730 4126 4495 4794
22000 2209 3211 3738 4135 4505 4804
22050 2214 3218 3746 4144 4514 4814
22100 2219 3225 3754 4153 4524 4825
22150 2223 3232 3762 4162 4534 4835
22200 2228 3239 3770 4171 4544 4846
22250 2233 3246 3779 4180 4554 4856
22300 2238 3253 3787 4189 4563 4867
22350 2243 3260 3795 4198 4573 4877
22400 2247 3267 3803 4207 4583 4887
22450 2252 3274 3811 4216 4593 4898
22500 2257 3281 3819 4225 4603 4908
22550 2262 3288 3827 4234 4612 4919
22600 2267 3295 3835 4243 4622 4929
22650 2271 3302 3844 4252 4632 4940
22700 2276 3309 3852 4261 4642 4950
22750 2281 3316 3860 4270 4652 4961
22800 2286 3323 3868 4279 4661 4971
22850 2290 3330 3876 4288 4671 4981
22900 2295 3337 3884 4297 4681 4992
22950 2300 3344 3892 4306 4691 5002
23000 2305 3351 3901 4315 4701 5013
23050 2310 3358 3909 4324 4710 5023
23100 2314 3365 3917 4333 4720 5034
23150 2319 3372 3925 4342 4730 5044
23200 2324 3379 3933 4351 4740 5055
23250 2329 3386 3941 4360 4750 5065
23300 2334 3393 3949 4369 4759 5075
23350 2338 3400 3958 4378 4769 5086
23400 2343 3407 3966 4387 4779 5096
23450 2348 3414 3974 4396 4789 5107
23500 2353 3420 3982 4405 4799 5117
23550 2357 3427 3990 4414 4808 5128
23600 2362 3434 3998 4423 4818 5138
23650 2367 3441 4006 4432 4828 5148
23700 2372 3448 4014 4441 4838 5159
23750 2377 3455 4023 4450 4848 5169
23800 2381 3462 4031 4459 4857 5180
23850 2386 3469 4039 4468 4867 5190
23900 2391 3476 4047 4477 4877 5201
23950 2396 3483 4055 4486 4887 5211
24000 2401 3490 4063 4495 4897 5222
24050 2405 3497 4071 4504 4906 5232
24100 2410 3504 4080 4513 4916 5242
24150 2415 3511 4088 4522 4926 5253
24200 2420 3518 4096 4531 4936 5263
24250 2424 3525 4104 4540 4946 5274
24300 2429 3532 4112 4549 4955 5284
24350 2434 3539 4120 4558 4965 5295
24400 2439 3546 4128 4567 4975 5305
24450 2444 3553 4136 4576 4985 5316
24500 2448 3560 4145 4585 4995 5326
24550 2453 3567 4153 4594 5004 5336
24600 2458 3574 4161 4603 5014 5347
24650 2463 3581 4169 4612 5024 5357
24700 2468 3588 4177 4621 5034 5368
24750 2472 3595 4185 4630 5044 5378
24800 2477 3602 4193 4639 5053 5389
24850 2482 3609 4202 4648 5063 5399
24900 2487 3616 4210 4657 5073 5410
24950 2491 3623 4218 4666 5083 5420
25000 2496 3630 4226 4675 5093 5430
25050 2501 3637 4234 4684 5102 5441
25100 2506 3644 4242 4693 5112 5451
25150 2511 3651 4250 4702 5122 5462
25200 2515 3658 4259 4711 5132 5472
25250 2520 3665 4267 4720 5142 5483
25300 2525 3672 4275 4729 5151 5493
25350 2530 3679 4283 4738 5161 5503
25400 2535 3686 4291 4747 5171 5514
25450 2539 3692 4299 4756 5181 5524
25500 2544 3699 4307 4765 5191 5535
25550 2549 3706 4315 4774 5200 5545
25600 2554 3713 4324 4783 5210 5556
25650 2558 3720 4332 4792 5220 5566
25700 2563 3727 4340 4801 5230 5577
25750 2568 3734 4348 4810 5240 5587
25800 2573 3741 4356 4819 5249 5597
25850 2578 3748 4364 4828 5259 5608
25900 2582 3755 4372 4837 5269 5618
25950 2587 3762 4381 4846 5279 5629
26000 2592 3769 4389 4855 5289 5639
26050 2597 3776 4397 4864 5298 5650
26100 2602 3783 4405 4873 5308 5660
26150 2606 3790 4413 4882 5318 5671
26200 2611 3797 4421 4891 5328 5681
26250 2616 3804 4429 4900 5338 5691
26300 2621 3811 4437 4909 5347 5702
26350 2625 3818 4446 4918 5357 5712
26400 2630 3825 4454 4927 5367 5723
26450 2635 3832 4462 4936 5377 5733
26500 2640 3839 4470 4945 5387 5744
26550 2645 3846 4478 4954 5396 5754
26600 2649 3853 4486 4963 5406 5764
26650 2654 3860 4494 4972 5416 5775
26700 2659 3867 4503 4981 5426 5785
26750 2664 3874 4511 4990 5436 5796
26800 2669 3881 4519 4999 5445 5806
26850 2673 3888 4527 5008 5455 5817
26900 2678 3895 4535 5017 5465 5827
26950 2683 3902 4543 5026 5475 5838
27000 2688 3909 4551 5035 5485 5848
27050 2692 3916 4560 5044 5494 5858
27100 2697 3923 4568 5053 5504 5869
27150 2702 3930 4576 5062 5514 5879
27200 2707 3937 4584 5071 5524 5890
27250 2712 3944 4592 5080 5534 5900
27300 2716 3951 4600 5089 5543 5911
27350 2721 3958 4608 5098 5553 5921
27400 2726 3964 4616 5107 5563 5932
27450 2731 3971 4625 5116 5573 5942
27500 2736 3978 4633 5125 5583 5952
27550 2740 3985 4641 5134 5592 5963
27600 2745 3992 4649 5143 5602 5973
27650 2750 3999 4657 5152 5612 5984
27700 2755 4006 4665 5161 5622 5994
27750 2759 4013 4673 5170 5632 6005
27800 2764 4020 4682 5179 5641 6015
27850 2769 4027 4690 5188 5651 6025
27900 2774 4034 4698 5197 5661 6036
27950 2779 4041 4706 5206 5671 6046
28000 2783 4048 4714 5215 5681 6057
28050 2788 4055 4722 5224 5690 6067
28100 2793 4062 4730 5233 5700 6078
28150 2798 4069 4738 5242 5710 6088
28200 2803 4076 4747 5251 5720 6099
28250 2807 4083 4755 5260 5730 6109
28300 2812 4090 4763 5269 5739 6119
28350 2817 4097 4771 5278 5749 6130
28400 2822 4104 4779 5287 5759 6140
28450 2826 4111 4787 5296 5769 6151
28500 2831 4118 4795 5305 5779 6161
28550 2836 4125 4804 5314 5788 6172
28600 2841 4132 4812 5323 5798 6182
28650 2846 4139 4820 5332 5808 6193
28700 2850 4146 4828 5341 5818 6203
28750 2855 4153 4836 5350 5828 6213
28800 2860 4160 4844 5359 5837 6224
28850 2865 4167 4852 5368 5847 6234
28900 2870 4174 4861 5377 5857 6245
28950 2874 4181 4869 5386 5867 6255
29000 2879 4188 4877 5395 5877 6266
29050 2884 4195 4885 5404 5886 6276
29100 2889 4202 4893 5413 5896 6287
29150 2893 4209 4901 5422 5906 6297
29200 2898 4216 4909 5431 5916 6307
29250 2903 4223 4917 5440 5926 6318
29300 2908 4230 4926 5449 5935 6328
29350 2913 4237 4934 5458 5945 6339
29400 2917 4243 4942 5467 5955 6349
29450 2922 4250 4950 5476 5965 6360
29500 2927 4257 4958 5485 5975 6370
29550 2932 4264 4966 5494 5984 6380
29600 2937 4271 4974 5503 5994 6391
29650 2941 4278 4983 5512 6004 6401
29700 2946 4285 4991 5521 6014 6412
29750 2951 4292 4999 5530 6024 6422
29800 2956 4299 5007 5539 6033 6433
29850 2960 4306 5015 5548 6043 6443
29900 2965 4313 5023 5556 6053 6454
29950 2970 4320 5031 5565 6063 6464
30000 2975 4327 5039 5574 6072 6474